1111111111111111111111111111
1111111111111111111111111111
1111111111111111111111111111
1111111111100000011111111111
1111111100000000000011111111
1111111000000000000001111111
1111110000000000000000111111
1111110000000110000000111111
1111100000011111100000011111
1111110000111111100000011111
1111111111111111100000011111
1111111111111111000000011111
1111111111100000000000011111
1111111100000000000000011111
1111110000000000000000011111
1111100000000001100000011111
1111100000011111100000011111
1111100000111111100000011111
1111000000111111100000011111
1111100000111111000000011111
1111100000001100000000011111
1111100000000000000000011111
1111110000000000010000011111
1111111000000000110000011111
1111111110000111111111111111
1111111111111111111111111111
1111111111111111111111111111
1111111111111111111111111111

