1111111111111111111111111111
1111111111111111111111111111
1111111111111111111111111111
1111111111111111111111111111
1111111111111111111111111111
1111111110000000010000000111
1111111000000000000000000111
1111110000000000000000000111
1111100000000000000000000111
1111100000000000000000000111
1111000000001111000000000111
1111000000011111100000000111
1111000000011111110000000111
1111000000111111110000000111
1111000000111111110000000111
1111000000011111110000000111
1111000000011111100000000111
1111000000001111000000000111
1111100000000000000000000111
1111100000000000000000000111
1111110000000000000000000111
1111111000000000000000000111
1111111100000000110000000111
1111111111100011111111111111
1111111111111111111111111111
1111111111111111111111111111
1111111111111111111111111111
1111111111111111111111111111

