1111111111111111111111111111
1111111111111111111111111111
1111111111111111111111111111
1111111000011111111111111111
1111110000011111111111111111
1111110000011111111111111111
1111110000011111111111111111
1111110000011111111111111111
1111110000011111111111111111
1111110000011111111111111111
1111110000011111111111111111
1111110000011000001111111111
1111110000000000000111111111
1111110000000000000011111111
1111110000000000000001111111
1111110000001111000001111111
1111110000011111100000111111
1111110000011111100000111111
1111110000011111100000111111
1111110000011111000000111111
1111110000001111000001111111
1111110000000000000001111111
1111110000000000000011111111
1111110000000000000111111111
1111111000111000011111111111
1111111111111111111111111111
1111111111111111111111111111
1111111111111111111111111111

