1111111111111111111111111111
1111111111111111111111111111
1111111111111111111111111111
1111111111111110000011111111
1111111111110000000000111111
1111111111000000000000111111
1111111110000000000000111111
1111111100000000000000111111
1111111100000000000000111111
1111111000000000011100111111
1111111000000001111111111111
1111110000000011111111111111
1111110000000011111111111111
1111110000000011111111111111
1111110000000011111111111111
1111110000000011111111111111
1111110000000011111111111111
1111111000000001111111111111
1111111000000000111110111111
1111111000000000000000111111
1111111100000000000000111111
1111111110000000000000111111
1111111111000000000000111111
1111111111100000000000111111
1111111111111100000001111111
1111111111111111111111111111
1111111111111111111111111111
1111111111111111111111111111

