1111111111111111111111111111
1111111111111111111111111111
1111111111111111111111111111
1111111111111111111111111111
1111111111000000001111111111
1111111100000000000011111111
1111111000000000000001111111
1111110000000000000000111111
1111100000000111000000011111
1111000000011111100000001111
1111000000011111110000001111
1111000000011111110000001111
1111000000000000000000001111
1111000000000000000000001111
1111000000000000000000000111
1111000000011111111111111111
1111000000111111111111111111
1111000000011111111111111111
1111000000001111100000001111
1111100000000000000000001111
1111110000000000000000011111
1111111000000000000000111111
1111111100000000000001111111
1111111111000000000111111111
1111111111111111111111111111
1111111111111111111111111111
1111111111111111111111111111
1111111111111111111111111111

