1111111111111111111111111111
1111111111111111111111111111
1111111111111111111111111111
1111111111111110001111111111
1111111111111000000111111111
1111111111110000000111111111
1111111111110000000111111111
1111111111100000111111111111
1111111111100000111111111111
1111111111100000111111111111
1111111111100000111111111111
1111111111100000111111111111
1111111110000000000111111111
1111111110000000000111111111
1111111110000000000111111111
1111111111000000001111111111
1111111111100000111111111111
1111111111100000111111111111
1111111111100000111111111111
1111111111100000111111111111
1111111111100000111111111111
1111111111100000111111111111
1111111111100000111111111111
1111111111100000111111111111
1111111111100001111111111111
1111111111111111111111111111
1111111111111111111111111111
1111111111111111111111111111

