1111111111111111111111111111
1111111111111111111111111111
1111111111111111111111111111
1111111000001111111111111111
1111111000001111111111111111
1111111000001111111111111111
1111111000001111111111111111
1111111000001111111111111111
1111111000001111111111111111
1111111000001111111111111111
1111111000001111111111111111
1111111000001100001111111111
1111111000000000000011111111
1111111000000000000011111111
1111111000000000000001111111
1111111000000111000001111111
1111111000001111000001111111
1111111000001111000001111111
1111111000001111000001111111
1111111000001111000001111111
1111111000001111000001111111
1111111000001111000001111111
1111111000001111000001111111
1111111000001111000001111111
1111111000001111000001111111
1111111111111111111111111111
1111111111111111111111111111
1111111111111111111111111111

