1111111111111111111111111111
1111111111111111111111111111
1111111111111111111111111111
1111111111111111111111111111
1111111111110000111111111111
1111111111100000011111111111
1111111111100000011111111111
1111111111110000111111111111
1111111111111001111111111111
1111111111111111111111111111
1111111111111111111111111111
1111111111110000111111111111
1111111111100000111111111111
1111111111100000111111111111
1111111111100000111111111111
1111111111100000111111111111
1111111111100000111111111111
1111111111100000111111111111
1111111111100000111111111111
1111111111100000111111111111
1111111111100000111111111111
1111111111100000111111111111
1111111111100000111111111111
1111111111100000111111111111
1111111111110000111111111111
1111111111111111111111111111
1111111111111111111111111111
1111111111111111111111111111

