1111111111111111111111111111
1111111111111111111111111111
1111111111111111111111111111
1111111111111100011111111111
1111111111111000001111111111
1111111111111000001111111111
1111111111111000001111111111
1111111111111111111111111111
1111111111111000001111111111
1111111111111000001111111111
1111111111111000001111111111
1111111111111000001111111111
1111111111111000001111111111
1111111111111000001111111111
1111111111111000001111111111
1111111111111000001111111111
1111111111111000001111111111
1111111111111000001111111111
1111111111111000001111111111
1111111111111000001111111111
1111111111111000001111111111
1111111111100000001111111111
1111111111100000011111111111
1111111111100000011111111111
1111111111100001111111111111
1111111111111111111111111111
1111111111111111111111111111
1111111111111111111111111111

