1111111111111111111111111111
1111111111111111111111111111
1111111111111111111111111111
1111110000111111111111111111
1111110000011111111111111111
1111110000011111111111111111
1111110000011111111111111111
1111110000011111111111111111
1111110000011111111111111111
1111110000011111111111111111
1111110000011111111111111111
1111110000011111111111111111
1111110000011110000001111111
1111110000011100000011111111
1111110000010000000111111111
1111110000000000001111111111
1111110000000000011111111111
1111110000000000111111111111
1111110000000000111111111111
1111110000000000011111111111
1111110000010000001111111111
1111110000011000000111111111
1111110000011100000011111111
1111110000011110000001111111
1111110000111111000000111111
1111111111111111111111111111
1111111111111111111111111111
1111111111111111111111111111

