1111111111111111111111111111
1111111111111111111111111111
1111111111111111111111111111
1111111111110000111111111111
1111111111110000111111111111
1111111111110000111111111111
1111111111110000111111111111
1111111111110000111111111111
1111111111110000111111111111
1111111111110000111111111111
1111111111110000111111111111
1111111111110000111111111111
1111111111110000111111111111
1111111111110000111111111111
1111111111110000111111111111
1111111111110000111111111111
1111111111110000111111111111
1111111111110000111111111111
1111111111110000111111111111
1111111111110000111111111111
1111111111110000111111111111
1111111111110000111111111111
1111111111110000111111111111
1111111111110000111111111111
1111111111110000111111111111
1111111111111111111111111111
1111111111111111111111111111
1111111111111111111111111111

