1111111111111111111111111111
1111111111111111111111111111
1111111111111111111111111111
1111111111111111111111111111
1111111111111111111111111111
1111111111111111111111111111
1111111111111111111111111111
1111111111111111111111111111
1110000010000001110000011111
1110000000000000100000001111
1110000000000000000000000111
1110000000000000001000000111
1110000011110000011100000111
1110000011110000111100000111
1110000011110000111100000111
1110000011110000111100000111
1110000011110000111100000111
1110000011110000111100000111
1110000011110000111100000111
1110000011110000111100000111
1111000011110000111110001111
1111111111111111111111111111
1111111111111111111111111111
1111111111111111111111111111
1111111111111111111111111111
1111111111111111111111111111
1111111111111111111111111111
1111111111111111111111111111

