1111111111111111111111111111
1111111111111111111111111111
1111111111111111111111111111
1111111111111111111111111111
1111000000111100000011111111
1111000000010000000000111111
1111000000000000000000011111
1111000000000000000000001111
1111000000000000000000001111
1111000000000000000000001111
1111000000001111100000000111
1111000000011111100000000111
1111000000011111100000000111
1111000000011111110000000111
1111000000011111110000000111
1111000000011111110000000111
1111000000011111110000000111
1111000000011111110000000111
1111000000011111110000000111
1111000000011111110000000111
1111000000011111110000000111
1111000000011111110000000111
1111000000011111110000000111
1111000000011111110000000111
1111111111111111111111111111
1111111111111111111111111111
1111111111111111111111111111
1111111111111111111111111111

