1111111111111111111111111111
1111111111111111111111111111
1111111111111111111111111111
1111111111111111111111111111
1111111111111111111111111111
1111111110000000000111111111
1111111000000000000001111111
1111110000000000000000111111
1111100000000000000000011111
1111100000000000000000011111
1111000000001111000000001111
1111000000011111100000001111
1111000000111111110000000111
1110000000111111110000000111
1110000000111111110000000111
1111000000111111110000000111
1111000000011111100000001111
1111000000001111000000001111
1111100000000000000000011111
1111100000000000000000011111
1111110000000000000000111111
1111111000000000000001111111
1111111110000000000111111111
1111111111111111111111111111
1111111111111111111111111111
1111111111111111111111111111
1111111111111111111111111111
1111111111111111111111111111

