1111111111111111111111111111
1111111111111111111111111111
1111111111111111111111111111
1111111111100001111111111111
1111111110000000000000111111
1111111100000000000000111111
1111111000000000000000111111
1111111000000010000000111111
1111110000001111100000111111
1111110000011111100000111111
1111110000011111100000111111
1111110000011111100000111111
1111110000001111100000111111
1111110000000111000000111111
1111111000000000000000111111
1111111000000000000000111111
1111111100000000000000111111
1111111111000000100000111111
1111111111111111100000111111
1111111111111111100000111111
1111111111111111100000111111
1111111111111111100000111111
1111111111111111100000111111
1111111111111111100000111111
1111111111111111100000111111
1111111111111111111111111111
1111111111111111111111111111
1111111111111111111111111111

