1111111111111111111111111111
1111111111111111111111111111
1111111111111111111111111111
1111110000000111110000111111
1111110000000011000000111111
1111110000000010000000111111
1111110000000000000000111111
1111110000000000000000111111
1111110000000000000000111111
1111110000000000000000111111
1111110000000000111111111111
1111110000000001111111111111
1111110000000011111111111111
1111110000000011111111111111
1111110000000011111111111111
1111110000000011111111111111
1111110000000011111111111111
1111110000000011111111111111
1111110000000011111111111111
1111110000000011111111111111
1111110000000011111111111111
1111110000000011111111111111
1111110000000011111111111111
1111110000000011111111111111
1111110000000111111111111111
1111111111111111111111111111
1111111111111111111111111111
1111111111111111111111111111

