1111111111111111111111111111
1111111111111111111111111111
1111111111111111111111111111
1111111111111000000111111111
1111111111000000000000111111
1111111110000000000000111111
1111111100000000000001111111
1111111000000000000001111111
1111111000000001110011111111
1111111000000011111111111111
1111111000000011111111111111
1111111000000000011111111111
1111111000000000000011111111
1111111000000000000001111111
1111111100000000000000111111
1111111111000000000000011111
1111111111111100000000011111
1111111111111111000000011111
1111111001111111000000011111
1111111000000000000000011111
1111110000000000000000111111
1111110000000000000000111111
1111100000000000000001111111
1111111000000000000111111111
1111111111000000011111111111
1111111111111111111111111111
1111111111111111111111111111
1111111111111111111111111111

