1111111111111111111111111111
1111111111111111111111111111
1111111111111111111111111111
1111111111111111111111111111
1111111111111100111111111111
1111111111110000111111111111
1111111111100000111111111111
1111111111100000111111111111
1111111111100000111111111111
1111111110000000000111111111
1111111100000000000011111111
1111111100000000000011111111
1111111100000000000011111111
1111111111000000011111111111
1111111111100000111111111111
1111111111100000111111111111
1111111111100000111111111111
1111111111100000111111111111
1111111111100000111111111111
1111111111100000111111111111
1111111111100000011111111111
1111111111100000000111111111
1111111111100000000011111111
1111111111110000000011111111
1111111111111100000111111111
1111111111111111111111111111
1111111111111111111111111111
1111111111111111111111111111

