1111111111111111111111111111
1111111111111111111111111111
1111111111111111111111111111
1111111111111111111111111111
1111111111111111111111111111
1111111111111111111111111111
1111111111111111111111111111
1111111111111111111111111111
1111111111111111111111111111
1111000011111000111100001111
1111100001110000111100001111
1111100001110000011000011111
1111110000100000011000011111
1111110000100000010000111111
1111111000000010000000111111
1111111000000110000001111111
1111111100000110000001111111
1111111100001111000011111111
1111111110001111000011111111
1111111111111111111111111111
1111111111111111111111111111
1111111111111111111111111111
1111111111111111111111111111
1111111111111111111111111111
1111111111111111111111111111
1111111111111111111111111111
1111111111111111111111111111
1111111111111111111111111111

