1111111111111111111111111111
1111111111111111111111111111
1111111111111111111111111111
1111111111111111111111111111
1111111111111111111111111111
1111111111111111111111111111
1111111111111111111111111111
1111100000001111000000011111
1111110000000110000000111111
1111111000000000000001111111
1111111100000000000011111111
1111111110000000000111111111
1111111111000000001111111111
1111111111100000001111111111
1111111111000000001111111111
1111111110000000000111111111
1111111100000000000011111111
1111111000000000000001111111
1111110000000110000000111111
1111100000001111000000011111
1111000000011111100000001111
1111111111111111111111111111
1111111111111111111111111111
1111111111111111111111111111
1111111111111111111111111111
1111111111111111111111111111
1111111111111111111111111111
1111111111111111111111111111

