A
1111111111111111111111111111
1111111111111111111111111111
1111111111111111111111111111
1111111111111111111111111111
1111111111100000011111111111
1111111111100000001111111111
1111111111000000001111111111
1111111111000000001111111111
1111111111000000000111111111
1111111110000000000111111111
1111111110000000000111111111
1111111110000010000011111111
1111111100000110000011111111
1111111100000110000001111111
1111111000000111000001111111
1111111000001111000001111111
1111111000001111000000111111
1111110000000000000000111111
1111110000000000000000111111
1111100000000000000000011111
1111100000000000000000011111
1111100000111111110000001111
1111000000111111110000001111
1111000001111111111000001111
1111111111111111111111111111
1111111111111111111111111111
1111111111111111111111111111
1111111111111111111111111111

a
1111111111111111111111111111
1111111111111111111111111111
1111111111111111111111111111
1111111111100000011111111111
1111111100000000000011111111
1111111000000000000001111111
1111110000000000000000111111
1111110000000110000000111111
1111100000011111100000011111
1111110000111111100000011111
1111111111111111100000011111
1111111111111111000000011111
1111111111100000000000011111
1111111100000000000000011111
1111110000000000000000011111
1111100000000001100000011111
1111100000011111100000011111
1111100000111111100000011111
1111000000111111100000011111
1111100000111111000000011111
1111100000001100000000011111
1111100000000000000000011111
1111110000000000010000011111
1111111000000000110000011111
1111111110000111111111111111
1111111111111111111111111111
1111111111111111111111111111
1111111111111111111111111111

b
1111111111111111111111111111
1111111111111111111111111111
1111111111111111111111111111
1111111000011111111111111111
1111110000011111111111111111
1111110000011111111111111111
1111110000011111111111111111
1111110000011111111111111111
1111110000011111111111111111
1111110000011111111111111111
1111110000011111111111111111
1111110000011000001111111111
1111110000000000000111111111
1111110000000000000011111111
1111110000000000000001111111
1111110000001111000001111111
1111110000011111100000111111
1111110000011111100000111111
1111110000011111100000111111
1111110000011111000000111111
1111110000001111000001111111
1111110000000000000001111111
1111110000000000000011111111
1111110000000000000111111111
1111111000111000011111111111
1111111111111111111111111111
1111111111111111111111111111
1111111111111111111111111111

B
1111111111111111111111111111
1111111111111111111111111111
1111111111111111111111111111
1111110000000000111111111111
1111110000000000001111111111
1111110000000000000111111111
1111110000000000000011111111
1111110000001000000011111111
1111110000011110000011111111
1111110000011110000011111111
1111110000011110000011111111
1111110000001100000011111111
1111110000000000000111111111
1111110000000000000111111111
1111110000000000000001111111
1111110000000000000001111111
1111110000011111000000111111
1111110000011111000000111111
1111110000011111000000111111
1111110000011111000000111111
1111110000001100000000111111
1111110000000000000001111111
1111110000000000000001111111
1111110000000000000011111111
1111110000000000011111111111
1111111111111111111111111111
1111111111111111111111111111
1111111111111111111111111111

c
1111111111111111111111111111
1111111111111111111111111111
1111111111111111111111111111
1111111111111110000011111111
1111111111110000000000111111
1111111111000000000000111111
1111111110000000000000111111
1111111100000000000000111111
1111111100000000000000111111
1111111000000000011100111111
1111111000000001111111111111
1111110000000011111111111111
1111110000000011111111111111
1111110000000011111111111111
1111110000000011111111111111
1111110000000011111111111111
1111110000000011111111111111
1111111000000001111111111111
1111111000000000111110111111
1111111000000000000000111111
1111111100000000000000111111
1111111110000000000000111111
1111111111000000000000111111
1111111111100000000000111111
1111111111111100000001111111
1111111111111111111111111111
1111111111111111111111111111
1111111111111111111111111111

C
1111111111111111111111111111
1111111111111111111111111111
1111111111111111111111111111
1111111111111110000111111111
1111111111110000000000111111
1111111111100000000000111111
1111111110000000000000111111
1111111100000000000000111111
1111111100000000111000111111
1111111000000011111110111111
1111111000000111111111111111
1111111000001111111111111111
1111110000001111111111111111
1111110000001111111111111111
1111110000001111111111111111
1111110000001111111111111111
1111111000001111111111111111
1111111000000111111111111111
1111111000000011111110111111
1111111100000000111000111111
1111111100000000000000111111
1111111110000000000000111111
1111111111100000000000111111
1111111111110000000000111111
1111111111111110000111111111
1111111111111111111111111111
1111111111111111111111111111
1111111111111111111111111111

d
1111111111111111111111111111
1111111111111111111111111111
1111111111111111111111111111
1111111111111111100000111111
1111111111111111100000111111
1111111111111111100000111111
1111111111111111100000111111
1111111111111111100000111111
1111111111111111100000111111
1111111111111111100000111111
1111111111111111100000111111
1111111111000000100000111111
1111111110000000000000111111
1111111100000000000000111111
1111111000000000000000111111
1111111000000111000000111111
1111111000001111100000111111
1111110000011111100000111111
1111110000011111100000111111
1111111000001111100000111111
1111111000000111000000111111
1111111000000000000000111111
1111111100000000000000111111
1111111110000000000000111111
1111111111100001110001111111
1111111111111111111111111111
1111111111111111111111111111
1111111111111111111111111111

D
1111111111111111111111111111
1111111111111111111111111111
1111111111111111111111111111
1111100000000001111111111111
1111100000000000001111111111
1111100000000000000111111111
1111100000000000000011111111
1111100000000000000001111111
1111100000111100000000111111
1111100000111111000000111111
1111100000111111100000011111
1111100000111111100000011111
1111100000111111100000011111
1111100000111111110000011111
1111100000111111110000011111
1111100000111111100000011111
1111100000111111100000011111
1111100000111111100000011111
1111100000111111000000111111
1111100000111100000000111111
1111100000000000000001111111
1111100000000000000011111111
1111100000000000000111111111
1111100000000000001111111111
1111100000000001111111111111
1111111111111111111111111111
1111111111111111111111111111
1111111111111111111111111111

e
1111111111111111111111111111
1111111111111111111111111111
1111111111111111111111111111
1111111111111111111111111111
1111111111000000001111111111
1111111100000000000011111111
1111111000000000000001111111
1111110000000000000000111111
1111100000000111000000011111
1111000000011111100000001111
1111000000011111110000001111
1111000000011111110000001111
1111000000000000000000001111
1111000000000000000000001111
1111000000000000000000000111
1111000000011111111111111111
1111000000111111111111111111
1111000000011111111111111111
1111000000001111100000001111
1111100000000000000000001111
1111110000000000000000011111
1111111000000000000000111111
1111111100000000000001111111
1111111111000000000111111111
1111111111111111111111111111
1111111111111111111111111111
1111111111111111111111111111
1111111111111111111111111111

E
1111111111111111111111111111
1111111111111111111111111111
1111111111111111111111111111
1111111100000000000011111111
1111111100000000000011111111
1111111100000000000011111111
1111111100000000000011111111
1111111100000000000011111111
1111111100000011111111111111
1111111100000011111111111111
1111111100000011111111111111
1111111100000011111111111111
1111111100000000000011111111
1111111100000000000011111111
1111111100000000000011111111
1111111100000000000011111111
1111111100000011111111111111
1111111100000011111111111111
1111111100000011111111111111
1111111100000011111111111111
1111111100000000000011111111
1111111100000000000011111111
1111111100000000000011111111
1111111100000000000011111111
1111111100000000000011111111
1111111111111111111111111111
1111111111111111111111111111
1111111111111111111111111111

f
1111111111111111111111111111
1111111111111111111111111111
1111111111111111111111111111
1111111111111110001111111111
1111111111111000000111111111
1111111111110000000111111111
1111111111110000000111111111
1111111111100000111111111111
1111111111100000111111111111
1111111111100000111111111111
1111111111100000111111111111
1111111111100000111111111111
1111111110000000000111111111
1111111110000000000111111111
1111111110000000000111111111
1111111111000000001111111111
1111111111100000111111111111
1111111111100000111111111111
1111111111100000111111111111
1111111111100000111111111111
1111111111100000111111111111
1111111111100000111111111111
1111111111100000111111111111
1111111111100000111111111111
1111111111100001111111111111
1111111111111111111111111111
1111111111111111111111111111
1111111111111111111111111111

F
1111111111111111111111111111
1111111111111111111111111111
1111111111111111111111111111
1111111100000000000011111111
1111111100000000000011111111
1111111100000000000011111111
1111111100000000000011111111
1111111100000000000011111111
1111111100000011111111111111
1111111100000011111111111111
1111111100000011111111111111
1111111100000011111111111111
1111111100000000000011111111
1111111100000000000011111111
1111111100000000000011111111
1111111100000000000011111111
1111111100000011111111111111
1111111100000011111111111111
1111111100000011111111111111
1111111100000011111111111111
1111111100000011111111111111
1111111100000011111111111111
1111111100000011111111111111
1111111100000011111111111111
1111111100000111111111111111
1111111111111111111111111111
1111111111111111111111111111
1111111111111111111111111111

g
1111111111111111111111111111
1111111111111111111111111111
1111111111111111111111111111
1111111111100001111111111111
1111111110000000000000111111
1111111100000000000000111111
1111111000000000000000111111
1111111000000111000000111111
1111110000001111100000111111
1111110000011111100000111111
1111110000011111100000111111
1111110000011111100000111111
1111110000001111100000111111
1111110000000111000000111111
1111111000000000000000111111
1111111000000000000000111111
1111111100000000000000111111
1111111111000000100000111111
1111111111111111100000111111
1111111000001111100000111111
1111111000000111000000111111
1111111000000000000001111111
1111111100000000000011111111
1111111110000000000111111111
1111111111110000111111111111
1111111111111111111111111111
1111111111111111111111111111
1111111111111111111111111111

G
1111111111111111111111111111
1111111111111111111111111111
1111111111111111111111111111
1111111111111111111111111111
1111111111000000000111111111
1111111100000000000001111111
1111111000000000000000111111
1111110000000000000000111111
1111100000000111000000011111
1111100000011111100000111111
1111000000111111110011111111
1111000000111111111111111111
1111000001111111111111111111
1111000001111100000000001111
1111000001111100000000001111
1111000001111100000000001111
1111000001111100000000001111
1111000000111111110000001111
1111000000011111110000001111
1111100000001111100000011111
1111110000000000000000011111
1111110000000000000000111111
1111111000000000000001111111
1111111110000000000111111111
1111111111111001111111111111
1111111111111111111111111111
1111111111111111111111111111
1111111111111111111111111111

h
1111111111111111111111111111
1111111111111111111111111111
1111111111111111111111111111
1111111000001111111111111111
1111111000001111111111111111
1111111000001111111111111111
1111111000001111111111111111
1111111000001111111111111111
1111111000001111111111111111
1111111000001111111111111111
1111111000001111111111111111
1111111000001100001111111111
1111111000000000000011111111
1111111000000000000011111111
1111111000000000000001111111
1111111000000111000001111111
1111111000001111000001111111
1111111000001111000001111111
1111111000001111000001111111
1111111000001111000001111111
1111111000001111000001111111
1111111000001111000001111111
1111111000001111000001111111
1111111000001111000001111111
1111111000001111000001111111
1111111111111111111111111111
1111111111111111111111111111
1111111111111111111111111111

H
1111111111111111111111111111
1111111111111111111111111111
1111111111111111111111111111
1111100000111111110000011111
1111000000111111110000001111
1111000000111111110000001111
1111000000111111110000001111
1111000000111111110000001111
1111000000111111110000001111
1111000000111111110000001111
1111000000111111110000001111
1111000000111111110000001111
1111000000000000000000001111
1111000000000000000000001111
1111000000000000000000001111
1111000000000000000000001111
1111000000111111110000001111
1111000000111111110000001111
1111000000111111110000001111
1111000000111111110000001111
1111000000111111110000001111
1111000000111111110000001111
1111000000111111110000001111
1111000000111111110000001111
1111100000111111110000011111
1111111111111111111111111111
1111111111111111111111111111
1111111111111111111111111111

i
1111111111111111111111111111
1111111111111111111111111111
1111111111111111111111111111
1111111111111111111111111111
1111111111110000111111111111
1111111111100000011111111111
1111111111100000011111111111
1111111111110000111111111111
1111111111111001111111111111
1111111111111111111111111111
1111111111111111111111111111
1111111111110000111111111111
1111111111100000111111111111
1111111111100000111111111111
1111111111100000111111111111
1111111111100000111111111111
1111111111100000111111111111
1111111111100000111111111111
1111111111100000111111111111
1111111111100000111111111111
1111111111100000111111111111
1111111111100000111111111111
1111111111100000111111111111
1111111111100000111111111111
1111111111110000111111111111
1111111111111111111111111111
1111111111111111111111111111
1111111111111111111111111111

I
1111111111111111111111111111
1111111111111111111111111111
1111111111111111111111111111
1111111111100000011111111111
1111111111100000011111111111
1111111111100000011111111111
1111111111100000011111111111
1111111111100000011111111111
1111111111100000011111111111
1111111111100000011111111111
1111111111100000011111111111
1111111111100000011111111111
1111111111100000011111111111
1111111111100000011111111111
1111111111100000011111111111
1111111111100000011111111111
1111111111100000011111111111
1111111111100000011111111111
1111111111100000011111111111
1111111111100000011111111111
1111111111100000011111111111
1111111111100000011111111111
1111111111100000011111111111
1111111111100000011111111111
1111111111100000011111111111
1111111111111111111111111111
1111111111111111111111111111
1111111111111111111111111111

j
1111111111111111111111111111
1111111111111111111111111111
1111111111111111111111111111
1111111111111100011111111111
1111111111111000001111111111
1111111111111000001111111111
1111111111111000001111111111
1111111111111111111111111111
1111111111111000001111111111
1111111111111000001111111111
1111111111111000001111111111
1111111111111000001111111111
1111111111111000001111111111
1111111111111000001111111111
1111111111111000001111111111
1111111111111000001111111111
1111111111111000001111111111
1111111111111000001111111111
1111111111111000001111111111
1111111111111000001111111111
1111111111111000001111111111
1111111111100000001111111111
1111111111100000011111111111
1111111111100000011111111111
1111111111100001111111111111
1111111111111111111111111111
1111111111111111111111111111
1111111111111111111111111111

J
1111111111111111111111111111
1111111111111111111111111111
1111111111111111111111111111
1111111111111110000011111111
1111111111111110000011111111
1111111111111110000011111111
1111111111111110000011111111
1111111111111110000011111111
1111111111111110000011111111
1111111111111110000011111111
1111111111111110000011111111
1111111111111110000011111111
1111111111111110000011111111
1111111111111110000011111111
1111111111111110000011111111
1111111111111110000011111111
1111111111111110000011111111
1111111111111110000011111111
1111111111111110000011111111
1111111111001100000011111111
1111111110000000000011111111
1111111100000000000111111111
1111111100000000000111111111
1111111111000000011111111111
1111111111110001111111111111
1111111111111111111111111111
1111111111111111111111111111
1111111111111111111111111111

k
1111111111111111111111111111
1111111111111111111111111111
1111111111111111111111111111
1111110000111111111111111111
1111110000011111111111111111
1111110000011111111111111111
1111110000011111111111111111
1111110000011111111111111111
1111110000011111111111111111
1111110000011111111111111111
1111110000011111111111111111
1111110000011111111111111111
1111110000011110000001111111
1111110000011100000011111111
1111110000010000000111111111
1111110000000000001111111111
1111110000000000011111111111
1111110000000000111111111111
1111110000000000111111111111
1111110000000000011111111111
1111110000010000001111111111
1111110000011000000111111111
1111110000011100000011111111
1111110000011110000001111111
1111110000111111000000111111
1111111111111111111111111111
1111111111111111111111111111
1111111111111111111111111111

K
1111111111111111111111111111
1111111111111111111111111111
1111111111111111111111111111
1111000001111111000000011111
1111000000111110000000111111
1111000000111110000000111111
1111000000111100000001111111
1111000000111000000011111111
1111000000110000000111111111
1111000000110000001111111111
1111000000100000011111111111
1111000000000000111111111111
1111000000000000111111111111
1111000000000001111111111111
1111000000000000111111111111
1111000000000000011111111111
1111000000100000011111111111
1111000000100000001111111111
1111000000110000000111111111
1111000000111000000011111111
1111000000111100000001111111
1111000000111100000001111111
1111000000111110000000111111
1111000000111111000000011111
1111000001111111100000001111
1111111111111111111111111111
1111111111111111111111111111
1111111111111111111111111111

l
1111111111111111111111111111
1111111111111111111111111111
1111111111111111111111111111
1111111111110000111111111111
1111111111110000111111111111
1111111111110000111111111111
1111111111110000111111111111
1111111111110000111111111111
1111111111110000111111111111
1111111111110000111111111111
1111111111110000111111111111
1111111111110000111111111111
1111111111110000111111111111
1111111111110000111111111111
1111111111110000111111111111
1111111111110000111111111111
1111111111110000111111111111
1111111111110000111111111111
1111111111110000111111111111
1111111111110000111111111111
1111111111110000111111111111
1111111111110000111111111111
1111111111110000111111111111
1111111111110000111111111111
1111111111110000111111111111
1111111111111111111111111111
1111111111111111111111111111
1111111111111111111111111111

L
1111111111111111111111111111
1111111111111111111111111111
1111111111111111111111111111
1111111100000111111111111111
1111111100000011111111111111
1111111100000011111111111111
1111111100000011111111111111
1111111100000011111111111111
1111111100000011111111111111
1111111100000011111111111111
1111111100000011111111111111
1111111100000011111111111111
1111111100000011111111111111
1111111100000011111111111111
1111111100000011111111111111
1111111100000011111111111111
1111111100000011111111111111
1111111100000011111111111111
1111111100000011111111111111
1111111100000011111111111111
1111111100000000000011111111
1111111100000000000011111111
1111111100000000000011111111
1111111100000000000011111111
1111111100000000000011111111
1111111111111111111111111111
1111111111111111111111111111
1111111111111111111111111111

m
1111111111111111111111111111
1111111111111111111111111111
1111111111111111111111111111
1111111111111111111111111111
1111111111111111111111111111
1111111111111111111111111111
1111111111111111111111111111
1111111111111111111111111111
1110000010000001110000011111
1110000000000000100000001111
1110000000000000000000000111
1110000000000000001000000111
1110000011110000011100000111
1110000011110000111100000111
1110000011110000111100000111
1110000011110000111100000111
1110000011110000111100000111
1110000011110000111100000111
1110000011110000111100000111
1110000011110000111100000111
1111000011110000111110001111
1111111111111111111111111111
1111111111111111111111111111
1111111111111111111111111111
1111111111111111111111111111
1111111111111111111111111111
1111111111111111111111111111
1111111111111111111111111111

M
1111111111111111111111111111
1111111111111111111111111111
1111111111111111111111111111
1111111111111111111111111111
1111111111111111111111111111
1111111111111111111111111111
1111110000011111100000111111
1111110000011111100000111111
1111110000001111100000111111
1111110000001111000000111111
1111110000000111000000011111
1111110000000110000000011111
1111100000000110000000011111
1111100000000010000000011111
1111100001000000001000011111
1111100001000000001000011111
1111100001100000011000001111
1111100001100000011000001111
1111000001110000011100001111
1111000011110000111100001111
1111000011110000111100001111
1111000011111001111100001111
1111111111111111111111111111
1111111111111111111111111111
1111111111111111111111111111
1111111111111111111111111111
1111111111111111111111111111
1111111111111111111111111111

n
1111111111111111111111111111
1111111111111111111111111111
1111111111111111111111111111
1111111111111111111111111111
1111000000111100000011111111
1111000000010000000000111111
1111000000000000000000011111
1111000000000000000000001111
1111000000000000000000001111
1111000000000000000000001111
1111000000001111100000000111
1111000000011111100000000111
1111000000011111100000000111
1111000000011111110000000111
1111000000011111110000000111
1111000000011111110000000111
1111000000011111110000000111
1111000000011111110000000111
1111000000011111110000000111
1111000000011111110000000111
1111000000011111110000000111
1111000000011111110000000111
1111000000011111110000000111
1111000000011111110000000111
1111111111111111111111111111
1111111111111111111111111111
1111111111111111111111111111
1111111111111111111111111111

N
1111111111111111111111111111
1111111111111111111111111111
1111111111111111111111111111
1111000001111111111100001111
1110000000111111111000000111
1110000000011111111000000111
1110000000011111111000000111
1110000000001111111000000111
1110000000000111111000000111
1110000000000011111000000111
1110000000000011111000000111
1110000000000001111000000111
1110000001000000111000000111
1110000001000000011000000111
1110000001100000001000000111
1110000001110000001000000111
1110000001111000000000000111
1110000001111100000000000111
1110000001111100000000000111
1110000001111110000000000111
1110000001111111000000000111
1110000001111111100000000111
1110000001111111100000000111
1110000001111111110000000111
1111000011111111111000001111
1111111111111111111111111111
1111111111111111111111111111
1111111111111111111111111111

o
1111111111111111111111111111
1111111111111111111111111111
1111111111111111111111111111
1111111111111111111111111111
1111111111111111111111111111
1111111110000000000111111111
1111111000000000000001111111
1111110000000000000000111111
1111100000000000000000011111
1111100000000000000000011111
1111000000001111000000001111
1111000000011111100000001111
1111000000111111110000000111
1110000000111111110000000111
1110000000111111110000000111
1111000000111111110000000111
1111000000011111100000001111
1111000000001111000000001111
1111100000000000000000011111
1111100000000000000000011111
1111110000000000000000111111
1111111000000000000001111111
1111111110000000000111111111
1111111111111111111111111111
1111111111111111111111111111
1111111111111111111111111111
1111111111111111111111111111
1111111111111111111111111111

O
1111111111111111111111111111
1111111111111111111111111111
1111111111111111111111111111
1111111111111111111111111111
1111111111110000111111111111
1111111110000000000111111111
1111111000000000000001111111
1111110000000000000000111111
1111100000000000000000111111
1111100000001111000000011111
1111000000111111110000001111
1111000001111111110000001111
1111000001111111111000001111
1111000001111111111000001111
1111000001111111111000001111
1111000001111111111000001111
1111000001111111111000001111
1111000000111111110000001111
1111100000011111100000011111
1111100000000000000000011111
1111110000000000000000111111
1111111000000000000001111111
1111111100000000000111111111
1111111111100000011111111111
1111111111111111111111111111
1111111111111111111111111111
1111111111111111111111111111
1111111111111111111111111111

p
1111111111111111111111111111
1111111111111111111111111111
1111111111111111111111111111
1111111111111000011111111111
1111110000000000000111111111
1111110000000000000011111111
1111110000000000000001111111
1111110000000100000001111111
1111110000011111000000111111
1111110000011111100000111111
1111110000011111100000111111
1111110000011111100000111111
1111110000011111000000111111
1111110000001110000000111111
1111110000000000000001111111
1111110000000000000001111111
1111110000000000000011111111
1111110000010000001111111111
1111110000011111111111111111
1111110000011111111111111111
1111110000011111111111111111
1111110000011111111111111111
1111110000011111111111111111
1111110000011111111111111111
1111110000011111111111111111
1111111111111111111111111111
1111111111111111111111111111
1111111111111111111111111111

P
1111111111111111111111111111
1111111111111111111111111111
1111111111111111111111111111
1111110000000000011111111111
1111110000000000000111111111
1111110000000000000001111111
1111110000000000000001111111
1111110000000000000000111111
1111110000001111000000111111
1111110000001111000000111111
1111110000001111000000111111
1111110000001111000000111111
1111110000001111000000111111
1111110000000000000000111111
1111110000000000000001111111
1111110000000000000001111111
1111110000000000000111111111
1111110000000000111111111111
1111110000001111111111111111
1111110000001111111111111111
1111110000001111111111111111
1111110000001111111111111111
1111110000001111111111111111
1111110000001111111111111111
1111110000011111111111111111
1111111111111111111111111111
1111111111111111111111111111
1111111111111111111111111111

q
1111111111111111111111111111
1111111111111111111111111111
1111111111111111111111111111
1111111111100001111111111111
1111111110000000000000111111
1111111100000000000000111111
1111111000000000000000111111
1111111000000010000000111111
1111110000001111100000111111
1111110000011111100000111111
1111110000011111100000111111
1111110000011111100000111111
1111110000001111100000111111
1111110000000111000000111111
1111111000000000000000111111
1111111000000000000000111111
1111111100000000000000111111
1111111111000000100000111111
1111111111111111100000111111
1111111111111111100000111111
1111111111111111100000111111
1111111111111111100000111111
1111111111111111100000111111
1111111111111111100000111111
1111111111111111100000111111
1111111111111111111111111111
1111111111111111111111111111
1111111111111111111111111111

Q
1111111111111111111111111111
1111111111111111111111111111
1111111111111111111111111111
1111111111111111111111111111
1111111111100000011111111111
1111111100000000000111111111
1111111000000000000011111111
1111110000000000000001111111
1111100000000000000000111111
1111100000011111000000011111
1111000000111111110000011111
1111000001111111110000011111
1111000001111111111000001111
1111000001111111111000001111
1111000001111111111000001111
1111000001111000010000001111
1111000000111000000000011111
1111000000111100000000011111
1111100000000100000000111111
1111110000000000000000111111
1111111000000000000000111111
1111111100000000000000011111
1111111111000000001000001111
1111111111111111111100111111
1111111111111111111111111111
1111111111111111111111111111
1111111111111111111111111111
1111111111111111111111111111

r
1111111111111111111111111111
1111111111111111111111111111
1111111111111111111111111111
1111110000000111110000111111
1111110000000011000000111111
1111110000000010000000111111
1111110000000000000000111111
1111110000000000000000111111
1111110000000000000000111111
1111110000000000000000111111
1111110000000000111111111111
1111110000000001111111111111
1111110000000011111111111111
1111110000000011111111111111
1111110000000011111111111111
1111110000000011111111111111
1111110000000011111111111111
1111110000000011111111111111
1111110000000011111111111111
1111110000000011111111111111
1111110000000011111111111111
1111110000000011111111111111
1111110000000011111111111111
1111110000000011111111111111
1111110000000111111111111111
1111111111111111111111111111
1111111111111111111111111111
1111111111111111111111111111

R
1111111111111111111111111111
1111111111111111111111111111
1111111111111111111111111111
1111100000000000111111111111
1111100000000000001111111111
1111100000000000000111111111
1111100000000000000011111111
1111100000011000000001111111
1111100000011110000001111111
1111100000011110000001111111
1111100000011110000001111111
1111100000011110000001111111
1111100000011000000001111111
1111100000000000000011111111
1111100000000000000111111111
1111100000000000001111111111
1111100000000000011111111111
1111100000000000011111111111
1111100000010000001111111111
1111100000011000000111111111
1111100000011000000011111111
1111100000011100000001111111
1111100000011110000001111111
1111100000011110000000111111
1111100000011111000000011111
1111111111111111111111111111
1111111111111111111111111111
1111111111111111111111111111

s
1111111111111111111111111111
1111111111111111111111111111
1111111111111111111111111111
1111111111111000000111111111
1111111111000000000000111111
1111111110000000000000111111
1111111100000000000001111111
1111111000000000000001111111
1111111000000001110011111111
1111111000000011111111111111
1111111000000011111111111111
1111111000000000011111111111
1111111000000000000011111111
1111111000000000000001111111
1111111100000000000000111111
1111111111000000000000011111
1111111111111100000000011111
1111111111111111000000011111
1111111001111111000000011111
1111111000000000000000011111
1111110000000000000000111111
1111110000000000000000111111
1111100000000000000001111111
1111111000000000000111111111
1111111111000000011111111111
1111111111111111111111111111
1111111111111111111111111111
1111111111111111111111111111

S
1111111111111111111111111111
1111111111111111111111111111
1111111111111111111111111111
1111111111110000011111111111
1111111111000000000011111111
1111111110000000000011111111
1111111100000000000011111111
1111111100000000000111111111
1111111000000111110111111111
1111111000000111111111111111
1111111000000111111111111111
1111111000000001111111111111
1111111100000000001111111111
1111111100000000000011111111
1111111110000000000001111111
1111111111100000000001111111
1111111111111100000001111111
1111111111111111000000111111
1111111111111111000000111111
1111111100011111000001111111
1111111000000000000001111111
1111111000000000000001111111
1111111000000000000011111111
1111111100000000000111111111
1111111111100000111111111111
1111111111111111111111111111
1111111111111111111111111111
1111111111111111111111111111

t
1111111111111111111111111111
1111111111111111111111111111
1111111111111111111111111111
1111111111111111111111111111
1111111111111100111111111111
1111111111110000111111111111
1111111111100000111111111111
1111111111100000111111111111
1111111111100000111111111111
1111111110000000000111111111
1111111100000000000011111111
1111111100000000000011111111
1111111100000000000011111111
1111111111000000011111111111
1111111111100000111111111111
1111111111100000111111111111
1111111111100000111111111111
1111111111100000111111111111
1111111111100000111111111111
1111111111100000111111111111
1111111111100000011111111111
1111111111100000000111111111
1111111111100000000011111111
1111111111110000000011111111
1111111111111100000111111111
1111111111111111111111111111
1111111111111111111111111111
1111111111111111111111111111

T
1111111111111111111111111111
1111111111111111111111111111
1111111111111111111111111111
1111111000000000000001111111
1111111000000000000001111111
1111111000000000000001111111
1111111000000000000001111111
1111111000000000000001111111
1111111111100000011111111111
1111111111100000011111111111
1111111111100000011111111111
1111111111100000011111111111
1111111111100000011111111111
1111111111100000011111111111
1111111111100000011111111111
1111111111100000011111111111
1111111111100000011111111111
1111111111100000011111111111
1111111111100000011111111111
1111111111100000011111111111
1111111111100000011111111111
1111111111100000011111111111
1111111111100000011111111111
1111111111100000011111111111
1111111111100000011111111111
1111111111111111111111111111
1111111111111111111111111111
1111111111111111111111111111

u
1111111111111111111111111111
1111111111111111111111111111
1111111111111111111111111111
1111111111111111111111111111
1111000000011111100000001111
1111000000011111100000001111
1111000000011111100000001111
1111000000011111100000001111
1111000000011111100000001111
1111000000011111100000001111
1111000000011111100000001111
1111000000011111100000001111
1111000000011111100000001111
1111000000011111100000001111
1111000000011111100000001111
1111000000011111100000001111
1111000000011111100000001111
1111000000001111100000001111
1111000000000000000000001111
1111000000000000000000001111
1111100000000000000000011111
1111110000000000000000111111
1111111000000000000001111111
1111111110000000000111111111
1111111111111111111111111111
1111111111111111111111111111
1111111111111111111111111111
1111111111111111111111111111

U
1111111111111111111111111111
1111111111111111111111111111
1111111111111111111111111111
1111100000111111110000011111
1111100000111111110000011111
1111100000111111110000011111
1111100000111111110000011111
1111100000111111110000011111
1111100000111111110000011111
1111100000111111110000011111
1111100000111111110000011111
1111100000111111110000011111
1111100000111111110000011111
1111100000111111110000011111
1111100000111111110000011111
1111100000111111110000011111
1111100000111111110000011111
1111100000011111100000011111
1111100000011111100000011111
1111100000000110000000011111
1111110000000000000000111111
1111110000000000000001111111
1111111000000000000011111111
1111111110000000000111111111
1111111111100000111111111111
1111111111111111111111111111
1111111111111111111111111111
1111111111111111111111111111

v
1111111111111111111111111111
1111111111111111111111111111
1111111111111111111111111111
1111111111111111111111111111
1111111111111111111111111111
1111111111111111111111111111
1111000000011111110000001111
1111100000011111100000001111
1111100000011111100000011111
1111110000001111000000011111
1111110000001111000000111111
1111111000000110000000111111
1111111000000110000001111111
1111111100000000000001111111
1111111100000000000011111111
1111111110000000000111111111
1111111110000000000111111111
1111111111000000001111111111
1111111111000000001111111111
1111111111100000011111111111
1111111111100000011111111111
1111111111110000111111111111
1111111111111111111111111111
1111111111111111111111111111
1111111111111111111111111111
1111111111111111111111111111
1111111111111111111111111111
1111111111111111111111111111

V
1111111111111111111111111111
1111111111111111111111111111
1111111111111111111111111111
1111111111111111111111111111
1111000001111111111000001111
1111000000111111110000001111
1111000000111111110000001111
1111100000011111100000011111
1111100000011111100000011111
1111110000011111100000111111
1111110000001111000000111111
1111111000001111000001111111
1111111000000110000001111111
1111111000000110000001111111
1111111100000110000011111111
1111111100000000000011111111
1111111110000000000111111111
1111111110000000000111111111
1111111111000000001111111111
1111111111000000001111111111
1111111111000000001111111111
1111111111100000011111111111
1111111111100000011111111111
1111111111110000111111111111
1111111111111111111111111111
1111111111111111111111111111
1111111111111111111111111111
1111111111111111111111111111

w
1111111111111111111111111111
1111111111111111111111111111
1111111111111111111111111111
1111111111111111111111111111
1111111111111111111111111111
1111111111111111111111111111
1111111111111111111111111111
1111111111111111111111111111
1111111111111111111111111111
1111000011111000111100001111
1111100001110000111100001111
1111100001110000011000011111
1111110000100000011000011111
1111110000100000010000111111
1111111000000010000000111111
1111111000000110000001111111
1111111100000110000001111111
1111111100001111000011111111
1111111110001111000011111111
1111111111111111111111111111
1111111111111111111111111111
1111111111111111111111111111
1111111111111111111111111111
1111111111111111111111111111
1111111111111111111111111111
1111111111111111111111111111
1111111111111111111111111111
1111111111111111111111111111

W
1111111111111111111111111111
1111111111111111111111111111
1111111111111111111111111111
1111111111111111111111111111
1111111111111111111111111111
1111111111111111111111111111
1111111111111111111111111111
1111000111111001111110001111
1111000011110000111100001111
1111000011110000111100001111
1111000011110000011100001111
1111100011100000011100011111
1111100001100000011000011111
1111100001100000011000011111
1111110001000100001000111111
1111110000000110000000111111
1111110000000110000000111111
1111111000000110000001111111
1111111000001111000001111111
1111111000001111000001111111
1111111000001111000011111111
1111111111111111111111111111
1111111111111111111111111111
1111111111111111111111111111
1111111111111111111111111111
1111111111111111111111111111
1111111111111111111111111111
1111111111111111111111111111

x
1111111111111111111111111111
1111111111111111111111111111
1111111111111111111111111111
1111111111111111111111111111
1111111111111111111111111111
1111111111111111111111111111
1111111111111111111111111111
1111100000001111000000011111
1111110000000110000000111111
1111111000000000000001111111
1111111100000000000011111111
1111111110000000000111111111
1111111111000000001111111111
1111111111100000001111111111
1111111111000000001111111111
1111111110000000000111111111
1111111100000000000011111111
1111111000000000000001111111
1111110000000110000000111111
1111100000001111000000011111
1111000000011111100000001111
1111111111111111111111111111
1111111111111111111111111111
1111111111111111111111111111
1111111111111111111111111111
1111111111111111111111111111
1111111111111111111111111111
1111111111111111111111111111

X
1111111111111111111111111111
1111111111111111111111111111
1111111111111111111111111111
1111111111111111111111111111
1111100000011111100000011111
1111110000001111000000011111
1111110000000111000000111111
1111111000000110000001111111
1111111100000010000001111111
1111111110000000000011111111
1111111110000000000111111111
1111111111000000000111111111
1111111111100000001111111111
1111111111100000011111111111
1111111111000000001111111111
1111111111000000000111111111
1111111110000000000111111111
1111111100000000000011111111
1111111100000010000001111111
1111111000000110000001111111
1111110000001111000000111111
1111100000001111100000011111
1111100000011111100000001111
1111000000111111110000001111
1111111111111111111111111111
1111111111111111111111111111
1111111111111111111111111111
1111111111111111111111111111

y
1111111111111111111111111111
1111111111111111111111111111
1111111111111111111111111111
1111110000011111110000111111
1111110000001111100000011111
1111110000001111100000111111
1111110000001111000000111111
1111111000001111000001111111
1111111000000111000001111111
1111111100000110000001111111
1111111100000110000011111111
1111111100000010000011111111
1111111110000010000011111111
1111111110000000000111111111
1111111111000000000111111111
1111111111000000001111111111
1111111111100000001111111111
1111111111100000001111111111
1111111111100000011111111111
1111111111100000011111111111
1111111111000000011111111111
1111110000000000111111111111
1111110000000000111111111111
1111110000000001111111111111
1111111000001111111111111111
1111111111111111111111111111
1111111111111111111111111111
1111111111111111111111111111

Y
1111111111111111111111111111
1111111111111111111111111111
1111111111111111111111111111
1111000000111111110000001111
1111000000011111100000001111
1111100000011111100000011111
1111110000001111000000111111
1111110000000110000000111111
1111111000000110000001111111
1111111100000000000011111111
1111111100000000000111111111
1111111110000000000111111111
1111111111000000001111111111
1111111111000000011111111111
1111111111100000011111111111
1111111111100000011111111111
1111111111100000011111111111
1111111111100000011111111111
1111111111100000011111111111
1111111111100000011111111111
1111111111100000011111111111
1111111111100000011111111111
1111111111100000011111111111
1111111111100000011111111111
1111111111110000111111111111
1111111111111111111111111111
1111111111111111111111111111
1111111111111111111111111111

z
1111111111111111111111111111
1111111111111111111111111111
1111111111111111111111111111
1111111111111111111111111111
1111100000000000000000001111
1111100000000000000000001111
1111100000000000000000011111
1111100000000000000000111111
1111100000000000000000111111
1111100000000000000001111111
1111111111110000000011111111
1111111111110000000011111111
1111111111100000000111111111
1111111111000000001111111111
1111111111000000001111111111
1111111110000000011111111111
1111111100000000111111111111
1111111100000000111111111111
1111111000000000000000011111
1111110000000000000000001111
1111110000000000000000001111
1111100000000000000000001111
1111100000000000000000001111
1111000000000000000000001111
1111111111111111111111111111
1111111111111111111111111111
1111111111111111111111111111
1111111111111111111111111111

Z
1111111111111111111111111111
1111111111111111111111111111
1111111111111111111111111111
1111110000000000000000011111
1111110000000000000000011111
1111110000000000000000011111
1111110000000000000000111111
1111110000000000000001111111
1111111111111100000001111111
1111111111111100000011111111
1111111111111000000011111111
1111111111110000000111111111
1111111111110000001111111111
1111111111100000001111111111
1111111111100000011111111111
1111111111000000011111111111
1111111110000000111111111111
1111111110000001111111111111
1111111100000001111111111111
1111111100000011111111111111
1111111000000000000000011111
1111110000000000000000011111
1111110000000000000000011111
1111100000000000000000011111
1111100000000000000000011111
1111111111111111111111111111
1111111111111111111111111111
1111111111111111111111111111

