1111111111111111111111111111
1111111111111111111111111111
1111111111111111111111111111
1111111111111111111111111111
1111111111100000011111111111
1111111111100000001111111111
1111111111000000001111111111
1111111111000000001111111111
1111111111000000000111111111
1111111110000000000111111111
1111111110000000000111111111
1111111110000010000011111111
1111111100000110000011111111
1111111100000110000001111111
1111111000000111000001111111
1111111000001111000001111111
1111111000001111000000111111
1111110000000000000000111111
1111110000000000000000111111
1111100000000000000000011111
1111100000000000000000011111
1111100000111111110000001111
1111000000111111110000001111
1111000001111111111000001111
1111111111111111111111111111
1111111111111111111111111111
1111111111111111111111111111
1111111111111111111111111111

