1111111111111111111111111111
1111111111111111111111111111
1111111111111111111111111111
1111110000000000111111111111
1111110000000000001111111111
1111110000000000000111111111
1111110000000000000011111111
1111110000001000000011111111
1111110000011110000011111111
1111110000011110000011111111
1111110000011110000011111111
1111110000001100000011111111
1111110000000000000111111111
1111110000000000000111111111
1111110000000000000001111111
1111110000000000000001111111
1111110000011111000000111111
1111110000011111000000111111
1111110000011111000000111111
1111110000011111000000111111
1111110000001100000000111111
1111110000000000000001111111
1111110000000000000001111111
1111110000000000000011111111
1111110000000000011111111111
1111111111111111111111111111
1111111111111111111111111111
1111111111111111111111111111

