1111111111111111111111111111
1111111111111111111111111111
1111111111111111111111111111
1111111111111110000111111111
1111111111110000000000111111
1111111111100000000000111111
1111111110000000000000111111
1111111100000000000000111111
1111111100000000111000111111
1111111000000011111110111111
1111111000000111111111111111
1111111000001111111111111111
1111110000001111111111111111
1111110000001111111111111111
1111110000001111111111111111
1111110000001111111111111111
1111111000001111111111111111
1111111000000111111111111111
1111111000000011111110111111
1111111100000000111000111111
1111111100000000000000111111
1111111110000000000000111111
1111111111100000000000111111
1111111111110000000000111111
1111111111111110000111111111
1111111111111111111111111111
1111111111111111111111111111
1111111111111111111111111111

