1111111111111111111111111111
1111111111111111111111111111
1111111111111111111111111111
1111100000000001111111111111
1111100000000000001111111111
1111100000000000000111111111
1111100000000000000011111111
1111100000000000000001111111
1111100000111100000000111111
1111100000111111000000111111
1111100000111111100000011111
1111100000111111100000011111
1111100000111111100000011111
1111100000111111110000011111
1111100000111111110000011111
1111100000111111100000011111
1111100000111111100000011111
1111100000111111100000011111
1111100000111111000000111111
1111100000111100000000111111
1111100000000000000001111111
1111100000000000000011111111
1111100000000000000111111111
1111100000000000001111111111
1111100000000001111111111111
1111111111111111111111111111
1111111111111111111111111111
1111111111111111111111111111

