1111111111111111111111111111
1111111111111111111111111111
1111111111111111111111111111
1111111100000000000011111111
1111111100000000000011111111
1111111100000000000011111111
1111111100000000000011111111
1111111100000000000011111111
1111111100000011111111111111
1111111100000011111111111111
1111111100000011111111111111
1111111100000011111111111111
1111111100000000000011111111
1111111100000000000011111111
1111111100000000000011111111
1111111100000000000011111111
1111111100000011111111111111
1111111100000011111111111111
1111111100000011111111111111
1111111100000011111111111111
1111111100000011111111111111
1111111100000011111111111111
1111111100000011111111111111
1111111100000011111111111111
1111111100000111111111111111
1111111111111111111111111111
1111111111111111111111111111
1111111111111111111111111111

