1111111111111111111111111111
1111111111111111111111111111
1111111111111111111111111111
1111111111111111111111111111
1111111111000000000111111111
1111111100000000000001111111
1111111000000000000000111111
1111110000000000000000111111
1111100000000111000000011111
1111100000011111100000111111
1111000000111111110011111111
1111000000111111111111111111
1111000001111111111111111111
1111000001111100000000001111
1111000001111100000000001111
1111000001111100000000001111
1111000001111100000000001111
1111000000111111110000001111
1111000000011111110000001111
1111100000001111100000011111
1111110000000000000000011111
1111110000000000000000111111
1111111000000000000001111111
1111111110000000000111111111
1111111111111001111111111111
1111111111111111111111111111
1111111111111111111111111111
1111111111111111111111111111

