1111111111111111111111111111
1111111111111111111111111111
1111111111111111111111111111
1111100000111111110000011111
1111000000111111110000001111
1111000000111111110000001111
1111000000111111110000001111
1111000000111111110000001111
1111000000111111110000001111
1111000000111111110000001111
1111000000111111110000001111
1111000000111111110000001111
1111000000000000000000001111
1111000000000000000000001111
1111000000000000000000001111
1111000000000000000000001111
1111000000111111110000001111
1111000000111111110000001111
1111000000111111110000001111
1111000000111111110000001111
1111000000111111110000001111
1111000000111111110000001111
1111000000111111110000001111
1111000000111111110000001111
1111100000111111110000011111
1111111111111111111111111111
1111111111111111111111111111
1111111111111111111111111111

