1111111111111111111111111111
1111111111111111111111111111
1111111111111111111111111111
1111111111100000011111111111
1111111111100000011111111111
1111111111100000011111111111
1111111111100000011111111111
1111111111100000011111111111
1111111111100000011111111111
1111111111100000011111111111
1111111111100000011111111111
1111111111100000011111111111
1111111111100000011111111111
1111111111100000011111111111
1111111111100000011111111111
1111111111100000011111111111
1111111111100000011111111111
1111111111100000011111111111
1111111111100000011111111111
1111111111100000011111111111
1111111111100000011111111111
1111111111100000011111111111
1111111111100000011111111111
1111111111100000011111111111
1111111111100000011111111111
1111111111111111111111111111
1111111111111111111111111111
1111111111111111111111111111

