1111111111111111111111111111
1111111111111111111111111111
1111111111111111111111111111
1111111111111110000011111111
1111111111111110000011111111
1111111111111110000011111111
1111111111111110000011111111
1111111111111110000011111111
1111111111111110000011111111
1111111111111110000011111111
1111111111111110000011111111
1111111111111110000011111111
1111111111111110000011111111
1111111111111110000011111111
1111111111111110000011111111
1111111111111110000011111111
1111111111111110000011111111
1111111111111110000011111111
1111111111111110000011111111
1111111111001100000011111111
1111111110000000000011111111
1111111100000000000111111111
1111111100000000000111111111
1111111111000000011111111111
1111111111110001111111111111
1111111111111111111111111111
1111111111111111111111111111
1111111111111111111111111111

