1111111111111111111111111111
1111111111111111111111111111
1111111111111111111111111111
1111000001111111000000011111
1111000000111110000000111111
1111000000111110000000111111
1111000000111100000001111111
1111000000111000000011111111
1111000000110000000111111111
1111000000110000001111111111
1111000000100000011111111111
1111000000000000111111111111
1111000000000000111111111111
1111000000000001111111111111
1111000000000000111111111111
1111000000000000011111111111
1111000000100000011111111111
1111000000100000001111111111
1111000000110000000111111111
1111000000111000000011111111
1111000000111100000001111111
1111000000111100000001111111
1111000000111110000000111111
1111000000111111000000011111
1111000001111111100000001111
1111111111111111111111111111
1111111111111111111111111111
1111111111111111111111111111

