1111111111111111111111111111
1111111111111111111111111111
1111111111111111111111111111
1111111111111111111111111111
1111111111111111111111111111
1111111111111111111111111111
1111110000011111100000111111
1111110000011111100000111111
1111110000001111100000111111
1111110000001111000000111111
1111110000000111000000011111
1111110000000110000000011111
1111100000000110000000011111
1111100000000010000000011111
1111100001000000001000011111
1111100001000000001000011111
1111100001100000011000001111
1111100001100000011000001111
1111000001110000011100001111
1111000011110000111100001111
1111000011110000111100001111
1111000011111001111100001111
1111111111111111111111111111
1111111111111111111111111111
1111111111111111111111111111
1111111111111111111111111111
1111111111111111111111111111
1111111111111111111111111111

