1111111111111111111111111111
1111111111111111111111111111
1111111111111111111111111111
1111000001111111111100001111
1110000000111111111000000111
1110000000011111111000000111
1110000000011111111000000111
1110000000001111111000000111
1110000000000111111000000111
1110000000000011111000000111
1110000000000011111000000111
1110000000000001111000000111
1110000001000000111000000111
1110000001000000011000000111
1110000001100000001000000111
1110000001110000001000000111
1110000001111000000000000111
1110000001111100000000000111
1110000001111100000000000111
1110000001111110000000000111
1110000001111111000000000111
1110000001111111100000000111
1110000001111111100000000111
1110000001111111110000000111
1111000011111111111000001111
1111111111111111111111111111
1111111111111111111111111111
1111111111111111111111111111

