1111111111111111111111111111
1111111111111111111111111111
1111111111111111111111111111
1111111111111111111111111111
1111111111110000111111111111
1111111110000000000111111111
1111111000000000000001111111
1111110000000000000000111111
1111100000000000000000111111
1111100000001111000000011111
1111000000111111110000001111
1111000001111111110000001111
1111000001111111111000001111
1111000001111111111000001111
1111000001111111111000001111
1111000001111111111000001111
1111000001111111111000001111
1111000000111111110000001111
1111100000011111100000011111
1111100000000000000000011111
1111110000000000000000111111
1111111000000000000001111111
1111111100000000000111111111
1111111111100000011111111111
1111111111111111111111111111
1111111111111111111111111111
1111111111111111111111111111
1111111111111111111111111111

