1111111111111111111111111111
1111111111111111111111111111
1111111111111111111111111111
1111110000000000011111111111
1111110000000000000111111111
1111110000000000000001111111
1111110000000000000001111111
1111110000000000000000111111
1111110000001111000000111111
1111110000001111000000111111
1111110000001111000000111111
1111110000001111000000111111
1111110000001111000000111111
1111110000000000000000111111
1111110000000000000001111111
1111110000000000000001111111
1111110000000000000111111111
1111110000000000111111111111
1111110000001111111111111111
1111110000001111111111111111
1111110000001111111111111111
1111110000001111111111111111
1111110000001111111111111111
1111110000001111111111111111
1111110000011111111111111111
1111111111111111111111111111
1111111111111111111111111111
1111111111111111111111111111

