1111111111111111111111111111
1111111111111111111111111111
1111111111111111111111111111
1111111111111111111111111111
1111111111100000011111111111
1111111100000000000111111111
1111111000000000000011111111
1111110000000000000001111111
1111100000000000000000111111
1111100000011111000000011111
1111000000111111110000011111
1111000001111111110000011111
1111000001111111111000001111
1111000001111111111000001111
1111000001111111111000001111
1111000001111000010000001111
1111000000111000000000011111
1111000000111100000000011111
1111100000000100000000111111
1111110000000000000000111111
1111111000000000000000111111
1111111100000000000000011111
1111111111000000001000001111
1111111111111111111100111111
1111111111111111111111111111
1111111111111111111111111111
1111111111111111111111111111
1111111111111111111111111111

