1111111111111111111111111111
1111111111111111111111111111
1111111111111111111111111111
1111100000000000111111111111
1111100000000000001111111111
1111100000000000000111111111
1111100000000000000011111111
1111100000011000000001111111
1111100000011110000001111111
1111100000011110000001111111
1111100000011110000001111111
1111100000011110000001111111
1111100000011000000001111111
1111100000000000000011111111
1111100000000000000111111111
1111100000000000001111111111
1111100000000000011111111111
1111100000000000011111111111
1111100000010000001111111111
1111100000011000000111111111
1111100000011000000011111111
1111100000011100000001111111
1111100000011110000001111111
1111100000011110000000111111
1111100000011111000000011111
1111111111111111111111111111
1111111111111111111111111111
1111111111111111111111111111

