1111111111111111111111111111
1111111111111111111111111111
1111111111111111111111111111
1111111111110000011111111111
1111111111000000000011111111
1111111110000000000011111111
1111111100000000000011111111
1111111100000000000111111111
1111111000000111110111111111
1111111000000111111111111111
1111111000000111111111111111
1111111000000001111111111111
1111111100000000001111111111
1111111100000000000011111111
1111111110000000000001111111
1111111111100000000001111111
1111111111111100000001111111
1111111111111111000000111111
1111111111111111000000111111
1111111100011111000001111111
1111111000000000000001111111
1111111000000000000001111111
1111111000000000000011111111
1111111100000000000111111111
1111111111100000111111111111
1111111111111111111111111111
1111111111111111111111111111
1111111111111111111111111111

