1111111111111111111111111111
1111111111111111111111111111
1111111111111111111111111111
1111100000111111110000011111
1111100000111111110000011111
1111100000111111110000011111
1111100000111111110000011111
1111100000111111110000011111
1111100000111111110000011111
1111100000111111110000011111
1111100000111111110000011111
1111100000111111110000011111
1111100000111111110000011111
1111100000111111110000011111
1111100000111111110000011111
1111100000111111110000011111
1111100000111111110000011111
1111100000011111100000011111
1111100000011111100000011111
1111100000000110000000011111
1111110000000000000000111111
1111110000000000000001111111
1111111000000000000011111111
1111111110000000000111111111
1111111111100000111111111111
1111111111111111111111111111
1111111111111111111111111111
1111111111111111111111111111

