1111111111111111111111111111
1111111111111111111111111111
1111111111111111111111111111
1111111111111111111111111111
1111000001111111111000001111
1111000000111111110000001111
1111000000111111110000001111
1111100000011111100000011111
1111100000011111100000011111
1111110000011111100000111111
1111110000001111000000111111
1111111000001111000001111111
1111111000000110000001111111
1111111000000110000001111111
1111111100000110000011111111
1111111100000000000011111111
1111111110000000000111111111
1111111110000000000111111111
1111111111000000001111111111
1111111111000000001111111111
1111111111000000001111111111
1111111111100000011111111111
1111111111100000011111111111
1111111111110000111111111111
1111111111111111111111111111
1111111111111111111111111111
1111111111111111111111111111
1111111111111111111111111111

