1111111111111111111111111111
1111111111111111111111111111
1111111111111111111111111111
1111111111111111111111111111
1111111111111111111111111111
1111111111111111111111111111
1111111111111111111111111111
1111000111111001111110001111
1111000011110000111100001111
1111000011110000111100001111
1111000011110000011100001111
1111100011100000011100011111
1111100001100000011000011111
1111100001100000011000011111
1111110001000100001000111111
1111110000000110000000111111
1111110000000110000000111111
1111111000000110000001111111
1111111000001111000001111111
1111111000001111000001111111
1111111000001111000011111111
1111111111111111111111111111
1111111111111111111111111111
1111111111111111111111111111
1111111111111111111111111111
1111111111111111111111111111
1111111111111111111111111111
1111111111111111111111111111

