00000000000000000000000000000000000000000000000000000000000000000000000000000000000000000000000000000000000000000000000000000000
00000000000000000000000000000000000000000000000000000000000000000000000000000000000000000000000000000000000000000000000000000000
00000000000000000000000000000000000000000000000000000000000000000000000000000000000000000000000000000000000000000000000000000000
00000000000000000000000000000000000000000000000000000000000000000000000000000000000000000000000000000000000000000000000000000000
00000000000000000000000000000000000000000000000000000000000000000000000000000000000000000000000000000000000000000000000000000000
00000000000000000000000000000000000000000000000000000000000000000000000000000000000000000000000000000000000000000000000000000000
00000000000000000000000000000000000000000000000000000000000000000000000000000000000000000000000000000000000000000000000000000000
00000000000000000000000000000000000000000000000000000000000000000000000000000000000000000000000000000000000000000000000000000000
00000000000000000000000000000000000000000000000000000000000000000000000000000000000000000000000000000000000000000000000000000000
00000000000000000000000000000000000000000000000000000000000000000000000000000000000000000000000000000000000000000000000000000000
00000000000000000000000000000000000000000000000000000000000000000000000000000000000000000000000000000000000000000000000000000000
00000000000000000000000000000000000000000000000000000000000000000000000000000000000000000000000000000000000000000000000000000000
00000000000000000000000000000000000000000000000000000000000000000000000000000000000000000000000000000000000000000000000000000000
00000000000000000000000000000000000000000000000000000000000000000000000000000000000000000000000000000000000000000000000000000000
00000000000000000000000000000000000000000000000000000000000000000000000000000000000000000000000000000000000000000000000000000000
00000000000000000000000000000000000000000000000000000000000000000111111111111111111000000000000000000000000000000000000000000000
00000000000000000000000000000000000000000000000000000000000000000111111111111111111000000000000000000000000000000000000000000000
00000000000000000000000000000000000000000000000000000000000000001111111111111111111000000000000000000000000000000000000000000000
00000000000000000000000000000000000000000000000000000000000000001111111111111111111000000000000000000000000000000000000000000000
00000000000000000000000000000000000000000000000000000000000000011111111111111111111000000000000000000000000000000000000000000000
00000000000000000000000000000000000000000000000000000000000000011111111111111111111000000000000000000000000000000000000000000000
00000000000000000000000000000000000000000000000000000000000000111111111111111111111000000000000000000000000000000000000000000000
00000000000000000000000000000000000000000000000000000000000001111111111111111111111000000000000000000000000000000000000000000000
00000000000000000000000000000000000000000000000000000000000001111111111111111111111000000000000000000000000000000000000000000000
00000000000000000000000000000000000000000000000000000000000011111111111111111111111000000000000000000000000000000000000000000000
00000000000000000000000000000000000000000000000000000000000111111111111111111111111000000000000000000000000000000000000000000000
00000000000000000000000000000000000000000000000000000000001111111111111111111111111000000000000000000000000000000000000000000000
00000000000000000000000000000000000000000000000000000000001111111111111111111111111000000000000000000000000000000000000000000000
00000000000000000000000000000000000000000000000000000000011111111111111111111111111000000000000000000000000000000000000000000000
00000000000000000000000000000000000000000000000000000000111111111111111111111111111000000000000000000000000000000000000000000000
00000000000000000000000000000000000000000000000000000001111111111111111111111111111000000000000000000000000000000000000000000000
00000000000000000000000000000000000000000000000000000011111111111111111111111111111000000000000000000000000000000000000000000000
00000000000000000000000000000000000000000000000000000111111111111111111111111111111000000000000000000000000000000000000000000000
00000000000000000000000000000000000000000000000000011111111111111111111111111111111000000000000000000000000000000000000000000000
00000000000000000000000000000000000000000000000000111111111111111111111111111111111000000000000000000000000000000000000000000000
00000000000000000000000000000000000000000000000001111111111111111111111111111111111000000000000000000000000000000000000000000000
00000000000000000000000000000000000000000000000111111111111111111111111111111111111000000000000000000000000000000000000000000000
00000000000000000000000000000000000000000000011111111111111111111111111111111111111000000000000000000000000000000000000000000000
00000000000000000000000000000000000000000000011111111111111111111111111111111111111000000000000000000000000000000000000000000000
00000000000000000000000000000000000000000000011111111111111111111111111111111111111000000000000000000000000000000000000000000000
00000000000000000000000000000000000000000000011111111111111111111111111111111111111000000000000000000000000000000000000000000000
00000000000000000000000000000000000000000000011111111111111111111111111111111111111000000000000000000000000000000000000000000000
00000000000000000000000000000000000000000000011111111111111111111111111111111111111000000000000000000000000000000000000000000000
00000000000000000000000000000000000000000000011111111111111111111111111111111111111000000000000000000000000000000000000000000000
00000000000000000000000000000000000000000000011111111111111111111111111111111111111000000000000000000000000000000000000000000000
00000000000000000000000000000000000000000000011111111111111111111111111111111111111000000000000000000000000000000000000000000000
00000000000000000000000000000000000000000000011111111111111111111111111111111111111000000000000000000000000000000000000000000000
00000000000000000000000000000000000000000000011111111111111111111111111111111111111000000000000000000000000000000000000000000000
00000000000000000000000000000000000000000000011111111111111111111111111111111111111000000000000000000000000000000000000000000000
00000000000000000000000000000000000000000000011111111111111111111111111111111111111000000000000000000000000000000000000000000000
00000000000000000000000000000000000000000000011111111111111111111111111111111111111000000000000000000000000000000000000000000000
00000000000000000000000000000000000000000000011111111111111111111111111111111111111000000000000000000000000000000000000000000000
00000000000000000000000000000000000000000000011111111111111101111111111111111111111000000000000000000000000000000000000000000000
00000000000000000000000000000000000000000000011111111111111001111111111111111111111000000000000000000000000000000000000000000000
00000000000000000000000000000000000000000000011111111111100001111111111111111111111000000000000000000000000000000000000000000000
00000000000000000000000000000000000000000000011111111110000001111111111111111111111000000000000000000000000000000000000000000000
00000000000000000000000000000000000000000000011111111100000001111111111111111111111000000000000000000000000000000000000000000000
00000000000000000000000000000000000000000000011111110000000001111111111111111111111000000000000000000000000000000000000000000000
00000000000000000000000000000000000000000000011111000000000001111111111111111111111000000000000000000000000000000000000000000000
00000000000000000000000000000000000000000000011000000000000001111111111111111111111000000000000000000000000000000000000000000000
00000000000000000000000000000000000000000000000000000000000001111111111111111111111000000000000000000000000000000000000000000000
00000000000000000000000000000000000000000000000000000000000001111111111111111111111000000000000000000000000000000000000000000000
00000000000000000000000000000000000000000000000000000000000001111111111111111111111000000000000000000000000000000000000000000000
00000000000000000000000000000000000000000000000000000000000001111111111111111111111000000000000000000000000000000000000000000000
00000000000000000000000000000000000000000000000000000000000001111111111111111111111000000000000000000000000000000000000000000000
00000000000000000000000000000000000000000000000000000000000001111111111111111111111000000000000000000000000000000000000000000000
00000000000000000000000000000000000000000000000000000000000001111111111111111111111000000000000000000000000000000000000000000000
00000000000000000000000000000000000000000000000000000000000001111111111111111111111000000000000000000000000000000000000000000000
00000000000000000000000000000000000000000000000000000000000001111111111111111111111000000000000000000000000000000000000000000000
00000000000000000000000000000000000000000000000000000000000001111111111111111111111000000000000000000000000000000000000000000000
00000000000000000000000000000000000000000000000000000000000001111111111111111111111000000000000000000000000000000000000000000000
00000000000000000000000000000000000000000000000000000000000001111111111111111111111000000000000000000000000000000000000000000000
00000000000000000000000000000000000000000000000000000000000001111111111111111111111000000000000000000000000000000000000000000000
00000000000000000000000000000000000000000000000000000000000001111111111111111111111000000000000000000000000000000000000000000000
00000000000000000000000000000000000000000000000000000000000001111111111111111111111000000000000000000000000000000000000000000000
00000000000000000000000000000000000000000000000000000000000001111111111111111111111000000000000000000000000000000000000000000000
00000000000000000000000000000000000000000000000000000000000001111111111111111111111000000000000000000000000000000000000000000000
00000000000000000000000000000000000000000000000000000000000001111111111111111111111000000000000000000000000000000000000000000000
00000000000000000000000000000000000000000000000000000000000001111111111111111111111000000000000000000000000000000000000000000000
00000000000000000000000000000000000000000000000000000000000001111111111111111111111000000000000000000000000000000000000000000000
00000000000000000000000000000000000000000000000000000000000001111111111111111111111000000000000000000000000000000000000000000000
00000000000000000000000000000000000000000000000000000000000001111111111111111111111000000000000000000000000000000000000000000000
00000000000000000000000000000000000000000000000000000000000001111111111111111111111000000000000000000000000000000000000000000000
00000000000000000000000000000000000000000000000000000000000001111111111111111111111000000000000000000000000000000000000000000000
00000000000000000000000000000000000000000000000000000000000001111111111111111111111000000000000000000000000000000000000000000000
00000000000000000000000000000000000000000000000000000000000001111111111111111111111000000000000000000000000000000000000000000000
00000000000000000000000000000000000000000000000000000000000001111111111111111111111000000000000000000000000000000000000000000000
00000000000000000000000000000000000000000000000000000000000001111111111111111111111000000000000000000000000000000000000000000000
00000000000000000000000000000000000000000000000000000000000001111111111111111111111000000000000000000000000000000000000000000000
00000000000000000000000000000000000000000000000000000000000001111111111111111111111000000000000000000000000000000000000000000000
00000000000000000000000000000000000000000000000000000000000001111111111111111111111000000000000000000000000000000000000000000000
00000000000000000000000000000000000000000000000000000000000001111111111111111111111000000000000000000000000000000000000000000000
00000000000000000000000000000000000000000000000000000000000001111111111111111111111000000000000000000000000000000000000000000000
00000000000000000000000000000000000000000000000000000000000001111111111111111111111000000000000000000000000000000000000000000000
00000000000000000000000000000000000000000000000000000000000001111111111111111111111000000000000000000000000000000000000000000000
00000000000000000000000000000000000000000000000000000000000001111111111111111111111000000000000000000000000000000000000000000000
00000000000000000000000000000000000000000000000000000000000001111111111111111111111000000000000000000000000000000000000000000000
00000000000000000000000000000000000000000000000000000000000001111111111111111111111000000000000000000000000000000000000000000000
00000000000000000000000000000000000000000000000000000000000001111111111111111111111000000000000000000000000000000000000000000000
00000000000000000000000000000000000000000000000000000000000001111111111111111111111000000000000000000000000000000000000000000000
00000000000000000000000000000000000000000000000000000000000001111111111111111111111000000000000000000000000000000000000000000000
00000000000000000000000000000000000000000000000000000000000001111111111111111111111000000000000000000000000000000000000000000000
00000000000000000000000000000000000000000000000000000000000001111111111111111111111000000000000000000000000000000000000000000000
00000000000000000000000000000000000000000000000000000000000001111111111111111111111000000000000000000000000000000000000000000000
00000000000000000000000000000000000000000000000000000000000001111111111111111111111000000000000000000000000000000000000000000000
00000000000000000000000000000000000000000000000000000000000001111111111111111111111000000000000000000000000000000000000000000000
00000000000000000000000000000000000000000000000000000000000001111111111111111111111000000000000000000000000000000000000000000000
00000000000000000000000000000000000000000000000000000000000001111111111111111111111000000000000000000000000000000000000000000000
00000000000000000000000000000000000000000000000000000000000001111111111111111111111000000000000000000000000000000000000000000000
00000000000000000000000000000000000000000000000000000000000001111111111111111111111000000000000000000000000000000000000000000000
00000000000000000000000000000000000000000000000000000000000001111111111111111111111000000000000000000000000000000000000000000000
00000000000000000000000000000000000000000000000000000000000001111111111111111111111000000000000000000000000000000000000000000000
00000000000000000000000000000000000000000000000000000000000001111111111111111111111000000000000000000000000000000000000000000000
00000000000000000000000000000000000000000000000000000000000000000000000000000000000000000000000000000000000000000000000000000000
00000000000000000000000000000000000000000000000000000000000000000000000000000000000000000000000000000000000000000000000000000000
00000000000000000000000000000000000000000000000000000000000000000000000000000000000000000000000000000000000000000000000000000000
00000000000000000000000000000000000000000000000000000000000000000000000000000000000000000000000000000000000000000000000000000000
00000000000000000000000000000000000000000000000000000000000000000000000000000000000000000000000000000000000000000000000000000000
00000000000000000000000000000000000000000000000000000000000000000000000000000000000000000000000000000000000000000000000000000000
00000000000000000000000000000000000000000000000000000000000000000000000000000000000000000000000000000000000000000000000000000000
00000000000000000000000000000000000000000000000000000000000000000000000000000000000000000000000000000000000000000000000000000000
00000000000000000000000000000000000000000000000000000000000000000000000000000000000000000000000000000000000000000000000000000000
00000000000000000000000000000000000000000000000000000000000000000000000000000000000000000000000000000000000000000000000000000000
00000000000000000000000000000000000000000000000000000000000000000000000000000000000000000000000000000000000000000000000000000000
00000000000000000000000000000000000000000000000000000000000000000000000000000000000000000000000000000000000000000000000000000000
00000000000000000000000000000000000000000000000000000000000000000000000000000000000000000000000000000000000000000000000000000000
00000000000000000000000000000000000000000000000000000000000000000000000000000000000000000000000000000000000000000000000000000000
00000000000000000000000000000000000000000000000000000000000000000000000000000000000000000000000000000000000000000000000000000000
